0,273
0,270
64,35
10,213
10,235
10,263
10,145
10,141
10,219
10,253
9,5
9,2
9,3
8,7
43,3
43,2
43,1
8,10
43,0
41,5
8,8
41,4
41,3
41,2
41,1
8,11
41,0
38,3
38,2
38,1
38,0
37,5
37,4
37,3
37,2
37,1
37,0
34,4
34,3
34,2
34,1
34,0
33,5
33,4
33,3
33,2
33,1
33,0
30,4
30,3
30,2
30,1
30,0
29,4
29,3
29,2
29,1
29,0
20,3
20,2
20,1
19,3
19,2
19,1
12,3
12,2
12,1
11,27
11,26
11,25
11,24
11,23
11,22
11,21
11,20
11,19
11,18
11,17
11,16
11,15
11,14
11,13
11,12
11,11
11,10
11,9
11,8
11,7
11,6
11,5
11,4
11,3
11,2
11,1
10,309
10,305
10,302
10,301
10,294
10,293
10,292
10,264
10,261
10,244
10,243
10,237
10,234
10,233
10,218
10,217
